<?xml version="1.0"?>
<opencv_storage>
<userCount>2</userCount>
<No_1>
  <name>Salley</name>
  <password>"123456"</password>
  <face_description type_id="opencv-matrix">
    <rows>128</rows>
    <cols>1</cols>
    <dt>f</dt>
    <data>
      -1.17385007e-01 9.14178789e-02 3.97175662e-02 2.44047008e-02
      3.42430808e-02 -5.33451848e-02 1.04223318e-01 2.47639809e-02
      2.11355865e-01 -1.05762124e-01 2.73334384e-01 4.53015566e-02
      -2.58090168e-01 -6.79678172e-02 -2.59598717e-03 7.86374286e-02
      -2.23640114e-01 -9.20091867e-02 -1.18963152e-01 -2.63666175e-02
      1.47378281e-01 4.45071012e-02 -4.07579876e-02 1.59183014e-02
      -7.32690245e-02 -2.88062096e-01 -6.48253411e-02 -1.48030758e-01
      1.85636729e-01 -1.23830467e-01 4.31371331e-02 1.52775468e-02
      -1.31205887e-01 -2.46380605e-02 -5.16031161e-02 -5.15158102e-02
      1.17748231e-01 -7.19372928e-03 1.79638639e-01 -1.90838147e-03
      -1.87881172e-01 -4.08113897e-02 -6.60918802e-02 2.97385901e-01
      8.31824318e-02 3.09958644e-02 -5.02927229e-04 -1.84093975e-03
      5.18917926e-02 -2.49454290e-01 2.07565185e-02 1.25306755e-01
      2.09071353e-01 5.28073981e-02 2.09995881e-02 -2.26925373e-01
      2.23171003e-02 1.09947044e-02 -2.13040173e-01 1.29151046e-01
      9.74150375e-02 -1.26243591e-01 -5.38210496e-02 2.21268367e-03
      1.89191654e-01 -2.91751232e-02 -1.61475852e-01 -1.29483700e-01
      2.01032206e-01 -1.69754133e-01 2.14326046e-02 1.06130734e-01
      -9.27623957e-02 -1.25469849e-01 -2.19199300e-01 2.33015269e-02
      3.87943745e-01 1.81897402e-01 -1.75251365e-01 5.77801615e-02
      -2.52273709e-01 4.51548807e-02 -1.24514792e-02 7.15141073e-02
      -8.68562311e-02 5.30419424e-02 -1.71795920e-01 2.42201425e-02
      7.41159171e-02 3.92463543e-02 -4.13485654e-02 2.53672987e-01
      6.81473501e-03 1.38599966e-02 -2.68089455e-02 -3.22679095e-02
      -6.38999939e-02 -8.63049328e-02 2.54036877e-02 -1.03904614e-02
      5.44675663e-02 -1.34062916e-01 -1.96413770e-02 1.23927295e-01
      -1.78865999e-01 2.04256684e-01 -2.65570302e-02 9.25893933e-02
      8.19955170e-02 1.10682406e-01 -3.85956988e-02 -2.56799217e-02
      1.26579702e-01 -2.53601938e-01 1.74991578e-01 1.93603307e-01
      5.96521348e-02 1.13862820e-01 -6.09626854e-03 1.05241917e-01
      -5.88645227e-02 -4.39416207e-02 -2.59784907e-01 -9.73345563e-02
      -2.49069873e-02 -1.08918533e-01 2.88675763e-02 2.65483875e-02</data></face_description></No_1>
<No_2>
  <name>Savage</name>
  <password>"2222222"</password>
  <face_description type_id="opencv-matrix">
    <rows>128</rows>
    <cols>1</cols>
    <dt>f</dt>
    <data>
      -5.72630875e-02 2.50907004e-01 1.09055988e-01 -7.58405849e-02
      -1.42978027e-01 7.75654688e-02 -5.24507165e-02 -1.07524395e-01
      8.07720423e-02 8.82081129e-03 2.91120708e-01 -1.62432231e-02
      -2.55151570e-01 -9.35240239e-02 -1.06306747e-02 5.56514710e-02
      -8.66766572e-02 -9.68191624e-02 -1.17141768e-01 -4.13713120e-02
      -2.09707245e-02 1.86316553e-03 -6.73412904e-03 -7.97367170e-02
      -1.10315613e-01 -3.70601296e-01 -9.52465981e-02 -3.50967906e-02
      -7.70952832e-03 -9.77968201e-02 1.18500069e-01 1.12088650e-01
      -2.13301376e-01 -4.74281125e-02 -1.57500468e-02 1.88848842e-02
      -1.10937335e-01 -5.75320460e-02 1.52076736e-01 -1.16227381e-01
      -1.40500933e-01 4.33220677e-02 9.27485526e-02 2.25002393e-01
      2.64041990e-01 -3.44702862e-02 5.71773089e-02 -2.23034564e-02
      1.04837656e-01 -1.64640635e-01 3.05212960e-02 2.21983239e-01
      1.23716600e-01 1.20940097e-01 6.52310848e-02 -6.20117933e-02
      8.10982734e-02 1.52095258e-01 -1.73478663e-01 -4.79090028e-02
      5.51058054e-02 -1.28214836e-01 -1.54460939e-02 -2.22592130e-02
      1.22116573e-01 8.63518640e-02 -1.79398172e-02 -1.86867788e-01
      1.72940999e-01 -1.18409365e-01 -4.35632654e-02 7.70248920e-02
      -1.70825839e-01 -1.45503178e-01 -2.71221519e-01 6.50658906e-02
      3.09733689e-01 1.23868510e-01 -1.73621878e-01 3.96770090e-02
      -7.00342134e-02 -2.99634635e-02 -7.11317360e-03 -3.11696883e-02
      -8.21636915e-02 -1.34766102e-01 -1.22469395e-01 4.28507403e-02
      2.75983930e-01 -3.13774794e-02 -3.03371213e-02 2.00317711e-01
      3.78578976e-02 -9.31900144e-02 6.69116676e-02 2.69996803e-02
      -4.52860706e-02 -3.83467227e-03 -1.18861318e-01 4.16352786e-02
      -2.34598015e-02 -1.59825385e-01 -9.21627432e-02 1.08057119e-01
      -2.26790056e-01 2.23693132e-01 1.74170882e-02 6.17307574e-02
      -5.64481393e-02 -1.24563381e-01 1.76999904e-03 4.98325787e-02
      2.10095763e-01 -2.38279328e-01 2.46346295e-01 1.02259785e-01
      -2.37014927e-02 1.32811800e-01 7.28315786e-02 6.84262067e-02
      -3.53267267e-02 -9.61539000e-02 -1.23059765e-01 -1.60756260e-01
      2.09362395e-02 -2.75013782e-02 1.81537271e-02 4.84185852e-02</data></face_description></No_2>
</opencv_storage>
